# homework problem 2
.i 5
.o 3
.ilb I4 I3 I2 I1 I0
.ob Y2 Y1 Y0
0 0 0 0 0 - - -
0 0 0 0 1 0 0 0
0 0 0 1 0 0 0 1
0 0 0 1 1 0 0 1
0 0 1 0 0 0 1 0
0 0 1 0 1 0 1 0
0 0 1 1 0 0 1 0
0 0 1 1 1 0 1 0
0 1 0 0 0 0 1 1
0 1 0 0 1 0 1 1
0 1 0 1 0 0 1 1
0 1 0 1 1 0 1 1
0 1 1 0 0 0 1 1
0 1 1 0 1 0 1 1
0 1 1 1 0 0 1 1
0 1 1 1 1 0 1 1
1 0 0 0 0 1 0 0
1 0 0 0 1 1 0 0
1 0 0 1 0 1 0 0
1 0 0 1 1 1 0 0
1 0 1 0 0 1 0 0
1 0 1 0 1 1 0 0
1 0 1 1 0 1 0 0
1 0 1 1 1 1 0 0
1 1 0 0 0 1 0 0
1 1 0 0 1 1 0 0
1 1 0 1 0 1 0 0
1 1 0 1 1 1 0 0
1 1 1 0 0 1 0 0
1 1 1 0 1 1 0 0
1 1 1 1 0 1 0 0
1 1 1 1 1 1 0 0
.e
